{
    "20251010T192547_773_791713d0f4ad.png": {
        "R_wc": [
            [
                0.9996982166245835,
                0.01865392026799106,
                -0.015984584331877882
            ],
            [
                -0.020127870417503666,
                0.995017752422289,
                -0.09764497527754659
            ],
            [
                0.014083483591912352,
                0.09793724328942457,
                0.9950929362962961
            ]
        ],
        "t_wc": [
            0.031165067094889753,
            0.004866048960499247,
            -0.3405501179804524
        ]
    },
    "20251010T192648_646_b72351c3f27c.png": {
        "R_wc": [
            [
                0.9997137778126538,
                0.01734895754109578,
                -0.01647349761857468
            ],
            [
                -0.018986913182032248,
                0.99427759983962,
                -0.10512636008624283
            ],
            [
                0.014555396915573959,
                0.10540905145859948,
                0.9943224186807961
            ]
        ],
        "t_wc": [
            2.5454360344061584,
            -0.6446951279344306,
            -0.891765967177875
        ]
    },
    "20251010T192747_470_28f352677b83.png": {
        "R_wc": [
            [
                0.999404273597343,
                0.027227856637764607,
                -0.02120711527484455
            ],
            [
                -0.030288252282446297,
                0.9865297396783782,
                -0.16075352096855053
            ],
            [
                0.016544476088474168,
                0.16130008230941692,
                0.9867667220564004
            ]
        ],
        "t_wc": [
            4.1595966915413625,
            -1.327332873016138,
            -1.5244557865995993
        ]
    },
    "20251010T192821_468_4e64b4001ff1.png": {
        "R_wc": [
            [
                0.9997547356735229,
                0.004831726204210162,
                -0.021613026633304295
            ],
            [
                -0.005484676309729123,
                0.9995271826314851,
                -0.03025441300940088
            ],
            [
                0.021456626578795376,
                0.030365533136328397,
                0.9993085347244888
            ]
        ],
        "t_wc": [
            4.461819729283255,
            -0.8749551774789665,
            -1.1246430409709163
        ]
    },
    "20251010T192848_041_93f02eb993f6.png": {
        "R_wc": [
            [
                0.9994479447242434,
                0.005641744600402584,
                -0.032741052279204125
            ],
            [
                -0.007742302910080578,
                0.9978948462746356,
                -0.06438891615930414
            ],
            [
                0.032308861510958686,
                0.06460686106277852,
                0.997387633255737
            ]
        ],
        "t_wc": [
            4.686430818438982,
            -1.085704890060902,
            -1.234204939106906
        ]
    },
    "20251010T192921_883_ae32a4fbb7b0.png": {
        "R_wc": [
            [
                0.9999736178130577,
                -0.0011911820564973787,
                -0.007165526022069607
            ],
            [
                0.0012555164343890923,
                0.9999588860251913,
                0.008980531038935459
            ],
            [
                0.007154533971381848,
                -0.0089892905485685,
                0.999934000471574
            ]
        ],
        "t_wc": [
            1.9118123850960114,
            -0.30481591303834477,
            -0.4101965290130529
        ]
    },
    "20251010T192938_665_30b187650497.png": {
        "R_wc": [
            [
                1.0,
                0.0,
                0.0
            ],
            [
                0.0,
                1.0,
                0.0
            ],
            [
                0.0,
                0.0,
                1.0
            ]
        ],
        "t_wc": [
            0.0,
            0.0,
            0.0
        ]
    },
    "20251010T193000_931_103295589784.png": {
        "R_wc": [
            [
                0.9999525528238894,
                0.002460766104417547,
                0.009425323928978296
            ],
            [
                -0.0024521773553746185,
                0.9999965677288222,
                -0.0009226899767769189
            ],
            [
                -0.009427562102929915,
                0.0008995336318374384,
                0.9999551549504812
            ]
        ],
        "t_wc": [
            -0.9868742316118451,
            0.04839192185930457,
            0.1540697013669252
        ]
    },
    "20251010T193016_613_4f910680d3af.png": {
        "R_wc": [
            [
                0.9997847985848035,
                0.002652306979693622,
                0.02057478520979792
            ],
            [
                -0.002552170806924318,
                0.999984778884993,
                -0.004891668682950686
            ],
            [
                -0.02058744624561614,
                0.0048381056227562586,
                0.9997763498858466
            ]
        ],
        "t_wc": [
            -3.012721816220022,
            0.1982968986664102,
            0.5369558365471967
        ]
    },
    "20251010T193043_465_0a481f50abab.png": {
        "R_wc": [
            [
                0.9992528632752122,
                0.03728847185155671,
                0.010162927888440455
            ],
            [
                -0.03418784187351916,
                0.9754525988863045,
                -0.2175394649115087
            ],
            [
                -0.018025168635028847,
                0.21702948461656066,
                0.9759986148057531
            ]
        ],
        "t_wc": [
            -3.209987179742653,
            -0.3973550068554008,
            -0.10586589198476304
        ]
    },
    "20251010T193121_516_c0abb5efba41.png": {
        "R_wc": [
            [
                0.9984557060919274,
                0.05478334442218474,
                0.009218901582680418
            ],
            [
                -0.04897547074269597,
                0.9463528549327862,
                -0.3194020620254294
            ],
            [
                -0.026222247005209115,
                0.31845731132207533,
                0.947574448065962
            ]
        ],
        "t_wc": [
            -4.004462265271883,
            -0.6153326404918928,
            -0.3380018566634213
        ]
    },
    "20251010T193346_988_2154bdcb074a.png": {
        "R_wc": [
            [
                0.9992096375772349,
                0.03426171142771704,
                0.020155279775153648
            ],
            [
                -0.02994223909943271,
                0.9822300673740669,
                -0.1852769739175604
            ],
            [
                -0.026145028026056442,
                0.18452704375342874,
                0.9824796219938289
            ]
        ],
        "t_wc": [
            -4.001519176641221,
            -0.07821848106113782,
            -1.6785096235815011
        ]
    },
    "20251010T193425_565_124fdf28809e.png": {
        "R_wc": [
            [
                0.9995101019257505,
                0.030203450391551864,
                -0.008204129010496159
            ],
            [
                -0.031226908155112653,
                0.980013648533215,
                -0.19646406515108128
            ],
            [
                0.002106265759100239,
                0.19662400736700802,
                0.9804767021054048
            ]
        ],
        "t_wc": [
            -0.2736472863378441,
            0.2679150017131543,
            -5.918798566196255
        ]
    },
    "20251010T193504_337_d77bd46dff8c.png": {
        "R_wc": [
            [
                0.9993132821524331,
                0.029934337210421984,
                -0.021838030348553243
            ],
            [
                -0.034117217039019994,
                0.9732725591695995,
                -0.2271046918691264
            ],
            [
                0.014456127256080387,
                0.22769378784506,
                0.9736254718121978
            ]
        ],
        "t_wc": [
            3.502672602408468,
            -0.18678067077347427,
            -6.925822146191923
        ]
    },
    "20251010T193522_075_d8043ddb437e.png": {
        "R_wc": [
            [
                0.9996445945181012,
                0.008890940038072965,
                -0.02513236630284562
            ],
            [
                -0.011668211648201667,
                0.9935701375529069,
                -0.11261542789525067
            ],
            [
                0.023969511627769766,
                0.11286865352407205,
                0.9933207586494854
            ]
        ],
        "t_wc": [
            3.7987270064355823,
            -1.0553783320295622,
            -6.686547343405124
        ]
    },
    "20251010T193542_475_19f26a235d17.png": {
        "R_wc": [
            [
                0.9997783885752136,
                0.014990475170554702,
                -0.014780371852903604
            ],
            [
                -0.016842616418402147,
                0.9907831780542097,
                -0.13440617678136188
            ],
            [
                0.012629331341432631,
                0.13462533097066506,
                0.990816088005694
            ]
        ],
        "t_wc": [
            1.7055688809277538,
            -0.47705890880795154,
            -6.257886469923349
        ]
    },
    "20251010T193602_258_9495835440ac.png": {
        "R_wc": [
            [
                0.9998520281951435,
                0.017202165903309426,
                8.486632347064226e-05
            ],
            [
                -0.016944262464263615,
                0.9856891856597171,
                -0.16771917374893613
            ],
            [
                -0.0029687848692668906,
                0.1676929180428282,
                0.9858348094659071
            ]
        ],
        "t_wc": [
            -1.1535649658216325,
            0.41787627271066596,
            -5.686414390141955
        ]
    },
    "20251010T193616_028_db75c87992ec.png": {
        "R_wc": [
            [
                0.9994626511425005,
                0.020941066686146065,
                0.025216674984038994
            ],
            [
                -0.016508279155499246,
                0.9862078683450306,
                -0.16468611700345293
            ],
            [
                -0.028317586241210318,
                0.1641813391966251,
                0.9860236316483872
            ]
        ],
        "t_wc": [
            -4.023850279478803,
            0.3538075970599912,
            -5.271975481141752
        ]
    },
    "20251010T193635_237_8c06391399af.png": {
        "R_wc": [
            [
                0.9990924581699748,
                0.03900222741211823,
                0.017119762988150156
            ],
            [
                -0.03266221217197994,
                0.95950196424252,
                -0.2798020023351841
            ],
            [
                -0.02733934753993935,
                0.27898890098288714,
                0.9599050751008931
            ]
        ],
        "t_wc": [
            -4.050147956723794,
            0.5136393722860149,
            -5.6066244097625315
        ]
    },
    "20251010T193739_232_160ffcc98a4b.png": {
        "R_wc": [
            [
                0.9325379304074282,
                -0.30468082394494966,
                0.193759138808102
            ],
            [
                0.3220316984055801,
                0.944517540678303,
                -0.06466993561948015
            ],
            [
                -0.16330521600196438,
                0.12270375247414728,
                0.9789153158242622
            ]
        ],
        "t_wc": [
            2.629955757326689,
            -1.0822581719843574,
            -6.434074194104422
        ]
    },
    "20251010T193810_033_452a7c11da2c.png": {
        "R_wc": [
            [
                0.9811862217760432,
                -0.16419488010582747,
                0.10155609062920044
            ],
            [
                0.17213314466669924,
                0.982211524252459,
                -0.07503800458977075
            ],
            [
                -0.08742870640702989,
                0.09110742545311112,
                0.9919957955169463
            ]
        ],
        "t_wc": [
            2.5053111799803958,
            -0.9560201397255377,
            -6.35575381753549
        ]
    },
    "20251010T193832_939_bf4efb696603.png": {
        "R_wc": [
            [
                0.9948221475654702,
                0.08507584612108092,
                -0.05559671860827877
            ],
            [
                -0.08841394493604625,
                0.9942371510521477,
                -0.06062558707801948
            ],
            [
                0.050118549999693236,
                0.06522720195202997,
                0.9966110289734091
            ]
        ],
        "t_wc": [
            2.2698897639348643,
            -0.7450630452879857,
            -6.180489747057759
        ]
    },
    "20251010T193905_498_7c2528bf5f55.png": {
        "R_wc": [
            [
                0.976817271978118,
                0.1797215235601407,
                0.11631075244554656
            ],
            [
                -0.17328439044303823,
                0.9828319591049662,
                -0.06335503287568088
            ],
            [
                -0.12570018772464944,
                0.041731452540208915,
                0.9911901677654354
            ]
        ],
        "t_wc": [
            1.2119627359641543,
            -0.5764114061617012,
            -6.034324193418637
        ]
    },
    "20251010T193942_698_acb711728512.png": {
        "R_wc": [
            [
                0.9971602382960254,
                -0.004486305411381835,
                0.0751753431995474
            ],
            [
                0.013209828310665587,
                0.9931670754756804,
                -0.1159511130911943
            ],
            [
                -0.0741414836472583,
                0.11661489293756608,
                0.9904059809733297
            ]
        ],
        "t_wc": [
            -0.27044767821205884,
            -0.4785608968640276,
            -5.7416229844118405
        ]
    },
    "20251010T194005_210_72340b673145.png": {
        "R_wc": [
            [
                0.9136052774218354,
                -0.4061031415291529,
                0.02014039490983022
            ],
            [
                0.4005090618640393,
                0.8902664944121815,
                -0.21683648284325271
            ],
            [
                0.07012765810832569,
                0.2061693657340923,
                0.9760001558406862
            ]
        ],
        "t_wc": [
            0.9001865047828573,
            -1.7889781480612963,
            -6.441568299590454
        ]
    },
    "20251010T194102_641_354da9990b35.png": {
        "R_wc": [
            [
                0.9783874749811322,
                -0.2024340965324205,
                0.042170906572505565
            ],
            [
                0.2065910335160399,
                0.9656655290014237,
                -0.15751263749037775
            ],
            [
                -0.008837062341004915,
                0.1628205228449514,
                0.9866161278175407
            ]
        ],
        "t_wc": [
            0.7693564201151855,
            -1.9642189560284287,
            -2.966891110217478
        ]
    },
    "20251010T194128_642_852f93186f2c.png": {
        "R_wc": [
            [
                0.9744633788158346,
                -0.21486291215424272,
                -0.06523076212513249
            ],
            [
                0.202644513325035,
                0.9666296541481287,
                -0.15672368340722703
            ],
            [
                0.09672809605325203,
                0.13950283402880098,
                0.9854859891098633
            ]
        ],
        "t_wc": [
            0.7533048900716,
            -2.073028660274912,
            -3.1361139624833143
        ]
    },
    "20251010T194214_375_4c818a931bd0.png": {
        "R_wc": [
            [
                0.9947899621602042,
                0.02602207619009985,
                -0.09856867015464936
            ],
            [
                -0.04700498480820114,
                0.9750437074354258,
                -0.21697995297667602
            ],
            [
                0.09046249271648558,
                0.22048269805437434,
                0.971186860120226
            ]
        ],
        "t_wc": [
            2.9960476022880433,
            -2.112596942544979,
            -3.685909510282432
        ]
    },
    "20251010T194237_275_4f1d6c9d4b20.png": {
        "R_wc": [
            [
                0.9928319324697161,
                0.018528970990391903,
                -0.11807383750215855
            ],
            [
                -0.045935094609959995,
                0.9711887435720071,
                -0.2338426638622649
            ],
            [
                0.11033911795742682,
                0.23759019675286144,
                0.9650783271089003
            ]
        ],
        "t_wc": [
            3.5614606114372354,
            0.7817214020024337,
            -1.496097697194049
        ]
    },
    "20251010T194308_290_a5ea86e95613.png": {
        "R_wc": [
            [
                0.9971230983477879,
                0.05951052356492392,
                -0.0469470374606989
            ],
            [
                -0.06841294305069515,
                0.9732447581218597,
                -0.2193497435865039
            ],
            [
                0.032637340033311125,
                0.22193048094696521,
                0.9745161187287764
            ]
        ],
        "t_wc": [
            3.989483319810761,
            2.1728652686576413,
            -2.305469819952016
        ]
    },
    "20251010T194344_592_ad6f74249ae9.png": {
        "R_wc": [
            [
                0.9513078483177072,
                0.301536449068071,
                0.06394644331432897
            ],
            [
                -0.281879048939353,
                0.9349648831616428,
                -0.215371467524325
            ],
            [
                -0.12473002644984851,
                0.18685940473509532,
                0.9744362387369765
            ]
        ],
        "t_wc": [
            1.156774291953813,
            4.484558858295775,
            -1.1139969857175736
        ]
    },
    "20251010T194421_340_595cde65a3c5.png": {
        "R_wc": [
            [
                0.9629203840244465,
                0.13283996409722193,
                -0.23481456081099691
            ],
            [
                -0.17713901643629015,
                0.9677883619288026,
                -0.1789062753822482
            ],
            [
                0.20348489596576033,
                0.21386731974243725,
                0.9554342817064865
            ]
        ],
        "t_wc": [
            4.901580936689004,
            3.116701694246764,
            -1.816656668525141
        ]
    }
}