%YAML:1.0
---
Rg_c: !!opencv-matrix
   rows: 3
   cols: 3
   dt: d
   data: [ -9.6257052327300452e-01, -2.7102943461864093e-01,
       -1.0165117973375930e-03, -2.7000423158905462e-01,
       9.5924219807300770e-01, -8.3379376107456424e-02,
       2.3573346176104189e-02, -7.9984067203189638e-02,
       -9.9651735877690417e-01 ]
tg_c: !!opencv-matrix
   rows: 3
   cols: 1
   dt: d
   data: [ -4.0331027437343486e-02, -6.9666678683218044e-03,
       8.5565960827013281e-03 ]
