%YAML:1.0
---
K: !!opencv-matrix
   rows: 3
   cols: 3
   dt: d
   data: [ 4.2216014389868420e+01, 0., 7.6684935239895003e+02, 0.,
       7.6985587561945670e+02, 4.4056021941276225e+02, 0., 0., 1. ]
dist: !!opencv-matrix
   rows: 1
   cols: 14
   dt: d
   data: [ -1.0415151728707397e-01, 3.7154919368513548e-03,
       2.1976732892353736e-04, 3.0092096676597301e-03,
       -2.9327192640764650e-05, -3.0097171355164654e-02,
       -3.0065143098297930e-03, 1.1648891327343059e-04, 0., 0., 0., 0.,
       0., 0. ]
rms: !!opencv-matrix
   rows: 1
   cols: 1
   dt: d
   data: [ 1.4768516908157528e+02 ]
