# cam 0
R:
[[0.96749588 -0.06269348 -0.24499234]
 [0.01377459 0.98040919 -0.19648941]
 [0.25251135 0.18672803 0.94940543]]
t:
[3.16104789 3.69710594 -0.00485569]
# cam 1
R:
[[0.99286781 -0.01859414 -0.11776152]
 [0.00012155 0.98792004 -0.15496444]
 [0.11922040 0.15384489 0.98087626]]
t:
[1.61131669 2.43461951 -0.19459451]
# cam 2
R:
[[0.99900126 0.01359994 -0.04256206]
 [-0.02247230 0.97624044 -0.21552170]
 [0.03861972 0.21626292 0.97557105]]
t:
[0.77882532 2.70656271 -0.19514617]
# cam 3
R:
[[0.99981525 0.00134385 -0.01917433]
 [-0.00088989 0.99971956 0.02366431]
 [0.01920075 -0.02364288 0.99953607]]
t:
[0.41048607 -0.50109272 -0.05609703]
# cam 4
R:
[[0.99984491 0.00499220 -0.01688911]
 [-0.00547793 0.99956910 -0.02883742]
 [0.01673787 0.02892547 0.99944142]]
t:
[0.31869308 0.06730087 -0.13290544]
# cam 5
R:
[[0.98760244 -0.03899787 -0.15205458]
 [0.03212052 0.99835811 -0.04742729]
 [0.15365449 0.04195524 0.98723354]]
t:
[2.11597160 1.68849742 -0.45331839]
# cam 6
R:
[[0.96630954 -0.07513021 -0.24617334]
 [0.04703126 0.99188691 -0.11810343]
 [0.25304925 0.10254663 0.96200326]]
t:
[3.35420709 3.16688185 -0.24109894]
# cam 7
R:
[[0.95830156 -0.09128091 -0.27078757]
 [0.05146598 0.98724515 -0.15065945]
 [0.28108605 0.13044084 0.95077643]]
t:
[3.55946570 3.86725151 0.00956275]
# cam 8
R:
[[0.92530663 -0.13264014 -0.35526643]
 [0.06281262 0.97750206 -0.20135615]
 [0.37398157 0.16400097 0.91282061]]
t:
[4.65741633 4.91113462 0.40606401]
# cam 9
R:
[[0.93346101 -0.09816727 -0.34498367]
 [-0.02065485 0.94550947 -0.32493879]
 [0.35808369 0.31044328 0.88056859]]
t:
[4.19886098 4.82389480 1.01345246]
# cam 10
R:
[[0.91738730 -0.09613458 -0.38621067]
 [-0.06671222 0.91951637 -0.38734885]
 [0.39236465 0.38111389 0.83713929]]
t:
[4.75976093 4.88120714 1.07195620]
# cam 11
R:
[[0.91665470 -0.12386492 -0.38000216]
 [-0.00713013 0.94554666 -0.32540849]
 [0.39961647 0.30099668 0.86585661]]
t:
[4.77695610 5.38027500 -0.30518717]
# cam 12
R:
[[0.97202370 -0.05204235 -0.22904479]
 [-0.00857443 0.96663305 -0.25602154]
 [0.23472623 0.25082294 0.93914400]]
t:
[2.80034820 3.88574844 -4.43389739]
# cam 13
R:
[[0.99968915 0.01922963 -0.01586924]
 [-0.02215371 0.97711406 -0.21155928]
 [0.01143785 0.21184508 0.97723633]]
t:
[-0.16160319 2.30199677 -5.23937501]
# cam 14
R:
[[0.99993435 0.00995564 0.00567289]
 [-0.00956188 0.99779660 -0.06565456]
 [-0.00631402 0.06559600 0.99782629]]
t:
[-0.54114563 0.21954638 -5.06133964]
# cam 15
R:
[[0.99355941 -0.02192589 -0.11117084]
 [0.00429562 0.98768337 -0.15640685]
 [0.11323095 0.15492195 0.98141629]]
t:
[1.07260671 2.14720470 -4.93201224]
# cam 16
R:
[[0.94678820 -0.10038217 -0.30580310]
 [0.01351276 0.96167972 -0.27384216]
 [0.32157350 0.25513829 0.91186344]]
t:
[4.19523171 4.65546598 -4.00990080]
# cam 17
R:
[[0.92834251 -0.12871978 -0.34872826]
 [0.01453984 0.94998859 -0.31194595]
 [0.37144148 0.28452223 0.88378636]]
t:
[4.12387073 5.49103696 -3.55972272]
# cam 18
R:
[[0.90515736 -0.12234532 -0.40708939]
 [-0.04386765 0.92568562 -0.37574162]
 [0.42280703 0.35796335 0.83252415]]
t:
[5.35635987 5.66742883 -3.37073135]
# cam 19
R:
[[0.92783834 -0.28941975 0.23527055]
 [0.33958400 0.91639269 -0.21191307]
 [-0.15426838 0.27651518 0.94854658]]
t:
[-3.36072820 3.25911097 -4.33163067]
# cam 20
R:
[[0.97732329 -0.16995155 0.12631575]
 [0.18246944 0.97859781 -0.09513796]
 [-0.10744347 0.11602931 0.98741739]]
t:
[-2.22321834 1.00619747 -4.63815322]
# cam 21
R:
[[0.99000370 0.06361102 -0.12588213]
 [-0.06534775 0.99781530 -0.00971119]
 [0.12498937 0.01784023 0.99199767]]
t:
[1.19548363 -0.04628310 -4.95295669]
# cam 22
R:
[[0.98553933 0.14775679 0.08294676]
 [-0.14896272 0.98880620 0.00850903]
 [-0.08076101 -0.02074196 0.99651765]]
t:
[-1.52987690 -0.24246502 -4.89271336]
# cam 23
R:
[[0.99658059 -0.05226378 -0.06399706]
 [0.03695590 0.97468684 -0.22049903]
 [0.07390121 0.21737999 0.97328544]]
t:
[0.18741037 3.69254783 -4.62821236]
# cam 24
R:
[[0.88390131 -0.46461924 -0.05336139]
 [0.40265387 0.81408154 -0.41849864]
 [0.23788304 0.34842532 0.90664847]]
t:
[-0.17523554 5.26324197 -4.00678661]
# cam 25
R:
[[0.96121798 -0.26136954 -0.08801114]
 [0.21287917 0.90604461 -0.36573982]
 [0.17533527 0.33281995 0.92654650]]
t:
[0.76561631 5.22287688 -1.32842019]
# cam 26
R:
[[0.94533295 -0.28103173 -0.16542908]
 [0.21423777 0.91765752 -0.33467426]
 [0.24586132 0.28093745 0.92769950]]
t:
[1.06374393 4.48914953 -1.49345416]
# cam 27
R:
[[0.98937300 -0.00151927 -0.14539173]
 [-0.04123427 0.95596076 -0.29058348]
 [0.13943026 0.29349057 0.94573912]]
t:
[1.42975766 3.17992119 -1.67833017]
# cam 28
R:
[[0.97049199 -0.01707355 -0.24052815]
 [-0.02394980 0.98573292 -0.16660439]
 [0.23994104 0.16744883 0.95623699]]
t:
[3.45634263 1.78083237 -1.31837222]
# cam 29
R:
[[0.98506039 0.01343259 -0.17168459]
 [-0.03855498 0.98884871 -0.14384622]
 [0.16783786 0.14831651 0.97459359]]
t:
[3.10000547 2.17400416 -2.13389649]
# cam 30
R:
[[0.96550542 0.18637146 -0.18183774]
 [-0.19900743 0.97852278 -0.05375137]
 [0.16791465 0.08808430 0.98185835]]
t:
[3.49999040 1.63279067 -2.06554560]
# cam 31
R:
[[0.93171558 0.12178240 -0.34216243]
 [-0.13544942 0.99065117 -0.01623926]
 [0.33698596 0.06147608 0.93950048]]
t:
[4.95880690 0.57251725 -1.88044855]
