%YAML:1.0
---
Rg_c: !!opencv-matrix
   rows: 3
   cols: 3
   dt: d
   data: [ -2.6211366425580174e-01, 9.6497805318796548e-01,
       -1.0666952515149708e-02, -5.5261941064695397e-01,
       -1.5914942683341982e-01, -8.1809733339915414e-01,
       -7.9114361148062728e-01, -2.0853972476283172e-01,
       5.7498084247149706e-01 ]
tg_c: !!opencv-matrix
   rows: 3
   cols: 1
   dt: d
   data: [ 6.1501790631100639e-01, 3.5720767162844447e-01,
       6.6394025708061022e-01 ]
