%YAML:1.0
---
Rg_c: !!opencv-matrix
   rows: 3
   cols: 3
   dt: d
   data: [ -8.1319961793631212e-02, 9.3597766475972954e-01,
       3.4253886623973845e-01, -8.9396719441721340e-01,
       -2.2045522548004626e-01, 3.9015656967986317e-01,
       4.4069231797218605e-01, -2.7449099189129139e-01,
       8.5466073751567440e-01 ]
tg_c: !!opencv-matrix
   rows: 3
   cols: 1
   dt: d
   data: [ 2.7442390233877778e-01, 3.8719717922296761e-02,
       -3.6342851247700564e-02 ]
