%YAML:1.0
---
Rg_c: !!opencv-matrix
   rows: 3
   cols: 3
   dt: d
   data: [ -5.8758011284059108e-03, -9.9984837071699151e-01,
       -1.6392392615991055e-02, 9.9983706500200908e-01,
       -5.5943598874385048e-03, -1.7162359558575823e-02,
       1.7068052298591180e-02, -1.6490564333193496e-02,
       9.9971833177085700e-01 ]
tg_c: !!opencv-matrix
   rows: 3
   cols: 1
   dt: d
   data: [ 2.6987385911319318e-02, 3.9721078953052963e-02,
       -2.3999329381091224e-02 ]
