%YAML:1.0
---
Rg_c: !!opencv-matrix
   rows: 3
   cols: 3
   dt: d
   data: [ -4.0242054310160258e-02, 9.9905722080342596e-01,
       1.6286393874422007e-02, -9.9916491339796110e-01,
       -4.0120289638563955e-02, -7.7355150935542625e-03,
       -7.0748073714397286e-03, -1.6584086343613823e-02,
       9.9983744437823718e-01 ]
tg_c: !!opencv-matrix
   rows: 3
   cols: 1
   dt: d
   data: [ 4.1323799246919792e-02, 3.6711011243941868e-02,
       -2.8541145265808327e-02 ]
