%YAML:1.0
---
Rg_c: !!opencv-matrix
   rows: 3
   cols: 3
   dt: d
   data: [ 2.6046487768641644e-03, -9.4552737920841690e-01,
       -3.2553216580241495e-01, -9.9833461093702014e-01,
       -2.1219237850940049e-02, 5.3644650714243902e-02,
       -5.7630030452683195e-02, 3.2485030261997139e-01,
       -9.4400797691424954e-01 ]
tg_c: !!opencv-matrix
   rows: 3
   cols: 1
   dt: d
   data: [ 4.5463162719468148e-01, 2.4396816765175100e-01,
       7.3375631670172109e-02 ]
