%YAML:1.0
---
Rg_c: !!opencv-matrix
   rows: 3
   cols: 3
   dt: d
   data: [ -4.0242054310160258e-02, -9.9916491339796110e-01,
       -7.0748073714397286e-03, 9.9905722080342596e-01,
       -4.0120289638563955e-02, -1.6584086343613823e-02,
       1.6286393874422007e-02, -7.7355150935542625e-03,
       9.9983744437823718e-01 ]
tg_c: !!opencv-matrix
   rows: 3
   cols: 1
   dt: d
   data: [ 3.8141385838985589e-02, -4.0285312442068656e-02,
       2.8147468652848097e-02 ]
