%YAML:1.0
---
K: !!opencv-matrix
   rows: 3
   cols: 3
   dt: d
   data: [ 9.0514310843054659e+02, 0., 6.3240628380559292e+02, 0.,
       9.0499889496476328e+02, 3.6590456152131964e+02, 0., 0., 1. ]
dist: !!opencv-matrix
   rows: 1
   cols: 14
   dt: d
   data: [ -7.2443588831197880e+00, 5.1000276353524569e+01,
       -5.3853124740277955e-04, -5.4707418897517899e-03,
       -9.3241360438769433e+01, -7.2813514156451360e+00,
       5.0748665492753517e+01, -9.2410499827895805e+01, 0., 0., 0., 0.,
       0., 0. ]
rms: !!opencv-matrix
   rows: 1
   cols: 1
   dt: d
   data: [ 2.0226818337429958e-01 ]
per_view_errors: !!opencv-matrix
   rows: 1
   cols: 25
   dt: d
   data: [ 1.8282955636752588e-01, 1.7038716111533853e-01,
       1.9555257466218987e-01, 1.7043236723276223e-01,
       1.8656628616970639e-01, 1.7288281144422485e-01,
       1.6858959210225866e-01, 1.9584106950432126e-01,
       1.9518229360372466e-01, 1.8819455680172101e-01,
       1.8868861502095216e-01, 2.2365242142904179e-01,
       2.2688178184918165e-01, 2.3073034770400638e-01,
       2.2982194115908391e-01, 2.3601291348915360e-01,
       2.5523715335187519e-01, 2.1092725627883227e-01,
       2.1242993182751457e-01, 1.7762918156600674e-01,
       2.1583756183192271e-01, 2.1284588101387963e-01,
       1.8535546660843596e-01, 2.0223303951695767e-01,
       1.8911434415663628e-01 ]
num_views: !!opencv-matrix
   rows: 1
   cols: 1
   dt: i
   data: [ 25 ]
