%YAML:1.0
---
K: !!opencv-matrix
   rows: 3
   cols: 3
   dt: d
   data: [ 9.0062853275517352e+02, 0., 6.4128846423210814e+02, 0.,
       9.0192409289238412e+02, 3.7110680432418326e+02, 0., 0., 1. ]
dist: !!opencv-matrix
   rows: 1
   cols: 14
   dt: d
   data: [ -8.4011226365183997e+00, 5.8244926776309413e+01,
       -1.2260864171336928e-03, -8.1204634334677546e-04,
       -9.0907882856328612e+01, -8.4295358504858360e+00,
       5.7973333217605223e+01, -9.0184005234886541e+01, 0., 0., 0., 0.,
       0., 0. ]
rms: !!opencv-matrix
   rows: 1
   cols: 1
   dt: d
   data: [ 2.7510863968558075e-01 ]
per_view_errors: !!opencv-matrix
   rows: 1
   cols: 26
   dt: d
   data: [ 2.3123875528086624e-01, 2.8059933517682573e-01,
       2.2987908445425112e-01, 2.4630696330452301e-01,
       2.8106739559085014e-01, 2.7094533127776244e-01,
       2.3934571081500403e-01, 1.9326027912218002e-01,
       3.0664701847318721e-01, 2.4310511710443600e-01,
       2.3043304210823556e-01, 2.7756560944913883e-01,
       3.0867799859555656e-01, 2.6413551884848457e-01,
       2.4149501777679169e-01, 3.2176291175485278e-01,
       3.2322405301682383e-01, 2.1247271412337804e-01,
       2.6749080252529311e-01, 2.7957944233793791e-01,
       3.0678899344412341e-01, 2.4900179843705289e-01,
       2.7050251346428528e-01, 3.0526659605318712e-01,
       3.5469568060854195e-01, 3.4240216720057060e-01 ]
num_views: !!opencv-matrix
   rows: 1
   cols: 1
   dt: i
   data: [ 26 ]
