%YAML:1.0
---
K: !!opencv-matrix
   rows: 3
   cols: 3
   dt: d
   data: [ 9.0500878549766242e+02, 0., 6.3344899212617463e+02, 0.,
       9.0497406332640742e+02, 3.6694241402468140e+02, 0., 0., 1. ]
dist: !!opencv-matrix
   rows: 14
   cols: 1
   dt: d
   data: [ -3.0072895208668671e-01, 3.4017304855722678e+01,
       -5.4482718335913908e-04, -5.1311100892231240e-03,
       9.1497808952258623e+01, -2.9720712816989853e-01,
       3.2959089531144549e+01, 9.2184506863080927e+01, 0., 0., 0., 0.,
       0., 0. ]
rms: !!opencv-matrix
   rows: 1
   cols: 1
   dt: d
   data: [ 1.7777762619312792e-01 ]
