%YAML:1.0
---
K: !!opencv-matrix
   rows: 3
   cols: 3
   dt: d
   data: [ 9.0320359086352278e+02, 0., 6.3215519418447411e+02, 0.,
       9.0351156587715877e+02, 3.6756068829355837e+02, 0., 0., 1. ]
dist: !!opencv-matrix
   rows: 5
   cols: 1
   dt: d
   data: [ 1.1028732613734403e-01, -1.6646369166335095e-01,
       -6.5047104326696685e-04, -5.6231614690568756e-03,
       -1.0951292385811466e-01 ]
rms: !!opencv-matrix
   rows: 1
   cols: 1
   dt: d
   data: [ 2.0049915817853636e-01 ]
