%YAML:1.0
---
K: !!opencv-matrix
   rows: 3
   cols: 3
   dt: d
   data: [ 900.8505249023437500, 0., 621.4179896512723644, 0.,
       919.6821899414062500, 366.7192781521080178, 0., 0., 1. ]
dist: !!opencv-matrix
   rows: 5
   cols: 1
   dt: d
   data: [ 0,0,0,0,0 ]
rms: !!opencv-matrix
   rows: 1
   cols: 1
   dt: d
   data: [ 2.0049915817853636e-01 ]
