%YAML:1.0
---
K: !!opencv-matrix
   rows: 3
   cols: 3
   dt: d
   data: [ 8.5061539653968612e+02, 0., 6.4344152965971170e+02, 0.,
       8.4968071895527328e+02, 3.8502505261893157e+02, 0., 0., 1. ]
dist: !!opencv-matrix
   rows: 5
   cols: 1
   dt: d
   data: [ 0., 0., 0., 0., 0. ]
rms: !!opencv-matrix
   rows: 1
   cols: 1
   dt: d
   data: [ 5.0330661137926791e-01 ]
